res <-
structure(list(rhos = c(0.70710678118654757, 0.31622776601683794, 
0.11043152607484655, 0.70710678118654757, 0.31622776601683794, 
0.11043152607484655, 0.70710678118654757, 0.31622776601683794, 
0.11043152607484655, 0.70710678118654757, 0.31622776601683794, 
0.11043152607484655, 0.70710678118654757, 0.31622776601683794, 
0.11043152607484655), ns = c(25, 25, 25, 50, 50, 50, 100, 100, 
100, 200, 200, 200, 400, 400, 400), res1_est = c(0.75268701831262219, 
0.35133869891890385, 0.12314296344177011, 0.72943273682999055, 
0.33414307736163973, 0.11770780403866378, 0.71825144184497913, 
0.32502543642102716, 0.11352490419973958, 0.71255076120548533, 
0.32077717969334757, 0.11208593919045497, 0.70989776749237898, 
0.31854974218618892, 0.11114016762217351), res1_bias = c(0.045580237126074619, 
0.035110932902065906, 0.012711437366923567, 0.022325955643442974, 
0.017915311344801788, 0.007276277963817232, 0.01114466065843156, 
0.0087976704041892173, 0.0030933781248930342, 0.0054439800189377552, 
0.0045494136765096282, 0.0016544131156084191, 0.0027909863058314111, 
0.0023219761693509811, 0.0007086415473269575), res1_rmse = c(0.047985603062334591, 
0.046359130277573865, 0.036220446227085534, 0.024534446260281367, 
0.026459459606794085, 0.02283793615967037, 0.013291647769968457, 
0.015784979153273395, 0.014940907768514949, 0.0074223952146541356, 
0.010212003202696947, 0.01020978407080146, 0.0045096479847765098, 
0.0067997864559487236, 0.0071732127366559671), res1_cov = c(0.1444, 
0.73019999999999996, 0.90669999999999995, 0.41120000000000001, 
0.83360000000000001, 0.92830000000000001, 0.66010000000000002, 
0.8992, 0.94650000000000001, 0.81720000000000004, 0.92659999999999998, 
0.9506, 0.88390000000000002, 0.94189999999999996, 0.95209999999999995
), m1 = c(0, 0, 0, 0, 0, 0, 0, 0, 0, 0, 0, 0, 0, 0, 0), res2_est = c(0.73066763332228413, 
0.33392373453191343, 0.11631398500154451, 0.71811015295037672, 
0.32454009195744027, 0.11384859626460903, 0.71249399777580691, 
0.32012669850143427, 0.11156895297636585, 0.70965909761479751, 
0.31831965828968228, 0.11110533966543901, 0.70844730411943413, 
0.31732258055964457, 0.11065060728442765), res2_bias = c(0.023560852135736554, 
0.017695968515075489, 0.0058824589266979616, 0.011003371763829151, 
0.0083123259406023275, 0.0034170701897624778, 0.005387216589259336, 
0.0038989324845963291, 0.0011374269015193006, 0.0025523164282499344, 
0.0020918922728443423, 0.00067381359059245916, 0.0013405229328865564, 
0.0010948145428066325, 0.00021908120958109845), res2_rmse = c(0.02798704698921408, 
0.033807832982403752, 0.032438401218007909, 0.015053750215701763, 
0.020752575145253069, 0.021188087851811949, 0.0090484917558323278, 
0.01352824167912758, 0.014407812906564633, 0.0056615719963066264, 
0.0093257772283673827, 0.010011386904011238, 0.0037902660849630852, 
0.0064624829908125287, 0.0071104196258025276), res2_cov = c(0.8458, 
0.89849999999999997, 0.93669999999999998, 0.94399999999999995, 
0.93730000000000002, 0.95020000000000004, 0.97499999999999998, 
0.95099999999999996, 0.9546, 0.9869, 0.95579999999999998, 0.95569999999999999, 
0.99109999999999998, 0.96060000000000001, 0.95420000000000005
), m2 = c(0, 0, 0, 0, 0, 0, 0, 0, 0, 0, 0, 0, 0, 0, 0), res3_est = c(0.71499811738497743, 
0.32277431431705583, 0.11256206429063051, 0.71075508775501006, 
0.31915555792110417, 0.11198779890846013, 0.70892728658595983, 
0.31749403380614383, 0.11064952581609042, 0.70789507701779952, 
0.31701760139292179, 0.11064752609824335, 0.70757188294465168, 
0.31667460645794843, 0.11042265038966213), res3_bias = c(0.0078913361984298547, 
0.0065465483002178915, 0.0021305382157839614, 0.0036483065684624894, 
0.0029277919042662304, 0.0015562728336135784, 0.0018205053994122533, 
0.001266267789305886, 0.00021799974124386834, 0.00078829583125195057, 
0.00078983537608384724, 0.00021600002339680624, 0.00046510175810410281, 
0.00044684044111048538, -8.8756851844146167e-06), res3_rmse = c(0.016981900321135803, 
0.028397580188073122, 0.030852756411647558, 0.010870331660725959, 
0.018913772394909198, 0.020606675586987002, 0.0074986275604453471, 
0.012912453107776795, 0.014242102420300759, 0.0051159343793864935, 
0.0090867639816321708, 0.0099482215318993789, 0.0035751656563910287, 
0.0063707546045199022, 0.0070918855805784725), res3_cov = c(0.92669999999999997, 
0.95009999999999994, 0.95330000000000004, 0.94189999999999996, 
0.95569999999999999, 0.96060000000000001, 0.94689999999999996, 
0.95640000000000003, 0.95850000000000002, 0.95569999999999999, 
0.95640000000000003, 0.95640000000000003, 0.95320000000000005, 
0.95909999999999995, 0.95479999999999998)), class = "data.frame", row.names = c(NA, 
-15L))
